-1.013041
-0.3458572
-0.7372653
-0.7088494
-0.2166402
-0.8408077
-0.7551493
-0.4432528
-0.2032493
0.03235099
-0.1716467
-0.2722215
-0.2326957
-0.6649084
-0.2862196
-0.7200957
-0.5556442
-0.9818391
-0.4609499
0.07217397
-1.111496
-1.00346
-0.8689172
-0.2580362
-0.2334004
0.1563595
-0.6317193
-0.7060151
-0.3716486
-0.1438925
-0.9496505
-0.6535342
-0.6964556
-1.152266
-0.6083278
-0.9755526
-0.7853902
-0.7656568
-0.4107506
-0.5121682
-0.828383
-0.8544764
0.01701822
-0.303379
-0.2638673
-0.07136621
-0.8172456
-0.9717189
-0.3287227
0.02212171
-0.109359
0.01924416
-0.01261604
-0.1388432
0.04699022
0.09603824
-0.0005141288
-0.08704644
-0.0462879
-0.1911151
0.0369816
-0.04622881
0.03219559
-0.02840014
0.1091856
0.01602164
0.2708168
0.02862899
-0.003251025
-0.0989678
0.02118099
-0.09720175
0.0549224
-0.1049022
0.04491339
-0.03858557
-0.1570136
0.1226943
0.06666944
-0.1151603
-0.01607885
-0.09729138
-0.06104617
0.04992769
0.08793641
0.09231292
0.0693134
-0.01395003
-0.3310679
0.05384658
0.08924859
0.0489462
-0.1196352
0.04627379
0.09717036
-0.1472159
0.05289649
0.24544
-0.1649345
0.07958052
